20
129 146 220 115 177 28 81 98 219 135 251 235 247 136 79 5 111 60 225 221
119 56 155 217 123 66 74 84 133 92 92 97 188 133 193 112 86 57 111 60
 118 96 75 94 221 192 155 51 124 172 141 25 225 29 221 95 130 138 24 17
 215 238 230 178 193 140 89 18 87 201 140 70 184 74 138 220 101 215 172 210
 192 204 133 114 57 18 210 222 9 244 80 61 176 114 198 63 160 242 81 88
 126 180 82 30 108 0 111 223 92 108 142 117 229 76 88 246 19 51 59 90
 185 160 120 123 126 111 82 214 175 62 192 129 163 92 179 121 119 167 209 250
 243 28 246 126 115 153 238 131 10 57 121 79 221 253 198 110 244 227 172 242
 92 248 24 30 172 50 2 254 126 4 207 29 76 132 220 224 46 148 138 164
 117 185 59 123 209 203 32 237 102 108 16 76 59 179 210 41 241 15 36 101
 238 19 170 77 106 5 45 108 6 165 247 205 148 176 128 224 36 126 192 223
 87 28 179 143 59 14 83 228 96 200 195 65 140 121 157 203 15 86 208 33
 223 161 231 141 153 213 30 21 229 203 44 3 69 233 83 249 93 21 221 231
 6 10 79 255 160 103 33 193 10 219 213 205 66 139 229 60 124 142 41 235
 107 63 133 83 73 86 220 129 69 13 31 171 136 5 52 17 40 83 125 196
 48 217 27 222 82 244 235 198 96 91 225 123 47 117 186 236 201 32 238 222
 168 225 178 93 60 211 23 57 250 151 32 204 249 192 132 236 196 43 61 132
 201 155 69 61 113 76 154 180 200 157 163 7 2 207 232 101 94 96 112 209
 43 209 255 165 250 196 144 99 157 25 185 92 98 212 95 70 68 112 123 140
 145 56 21 154 196 66 227 51 58 123 26 2 216 123 49 38 24 212 222 17

0
